*Vertices 79
  1 "Abdul Malik"                            0.1882    0.4368    0.5000
  2 "Abdul Rauf"                             0.4516    0.8500    0.5000
  3 "Abdul Rohim"                            0.1616    0.4442    0.5000
  4 "Abdullah Sunata"                        0.1745    0.4396    0.5000
  5 "Abdullah Sungkar"                       0.1603    0.4485    0.5000
  6 "Abu Bakar Ba&#39;asyir"                 0.1500    0.4472    0.5000
  7 "Abu Dujanah"                            0.1746    0.4541    0.5000
  8 "Abu Fida"                               0.1776    0.4457    0.5000
  9 "Aceng Kurnia"                           0.1870    0.4360    0.5000
 10 "Achmad Hasan"                           0.1755    0.4456    0.5000
 11 "Adung"                                  0.1700    0.4475    0.5000
 12 "Agus Ahmad"                             0.1804    0.4497    0.5000
 13 "Ahmad Rofiq Ridho"                      0.1699    0.4435    0.5000
 14 "Ahmad Sayid Maulana"                    0.1794    0.4333    0.5000
 15 "Ajengan Masduki"                        0.1506    0.4511    0.5000
 16 "Akram"                                  0.1780    0.4407    0.5000
 17 "Ali Ghufron"                            0.1625    0.4516    0.5000
 18 "Anif Solchanudin"                       0.1823    0.4439    0.5000
 19 "Apuy"                                   0.1875    0.4561    0.5000
 20 "Aris Munandar"                          0.1764    0.4674    0.5000
 21 "Asep Jaja"                              0.1775    0.4341    0.5000
 22 "Asmar Latin Sani"                       0.1666    0.4463    0.5000
 23 "Azhari Husin"                           0.1714    0.4502    0.5000
 24 "Baharudin Soleh"                        0.1768    0.4501    0.5000
 25 "Chandra"                                0.1725    0.4491    0.5000
 26 "Cholily"                                0.1713    0.4519    0.5000
 27 "Dani Chandra"                           0.1684    0.4412    0.5000
 28 "Dulmatin"                               0.1726    0.4340    0.5000
 29 "Enceng Kurnia"                          0.1736    0.4402    0.5000
 30 "Engkos Kosasih"                         0.1951    0.4480    0.5000
 31 "Fathurrahman al-Ghozi"                  0.1580    0.4410    0.5000
 32 "Fathurrochman"                          0.1795    0.4511    0.5000
 33 "Hambali"                                0.1671    0.4510    0.5000
 34 "Hari Kuncoro"                           0.1696    0.4352    0.5000
 35 "Harun"                                  0.1763    0.4325    0.5000
 36 "Hence Malewa"                           0.7253    0.7136    0.5000
 37 "Heri Golun"                             0.1782    0.4519    0.5000
 38 "Heri Sigu Samboja"                      0.1705    0.4555    0.5000
 39 "Imam Bukhori"                           0.1662    0.4489    0.5000
 40 "Imam Samudra"                           0.1588    0.4580    0.5000
 41 "Iqbal "                                 0.8500    0.5379    0.5000
 42 "Iqbal Huseini"                          0.1685    0.4335    0.5000
 43 "Irun Hidayat"                           0.1895    0.4537    0.5000
 44 "Ismail"                                 0.1649    0.4481    0.5000
 45 "Iwan Dharmawan"                         0.1797    0.4502    0.5000
 46 "Jabir"                                  0.1705    0.4506    0.5000
 47 "Joko Triharmanto"                       0.1671    0.4422    0.5000
 48 "Joni Achmad Fauzan"                     0.1654    0.4433    0.5000
 49 "Marwan"                                 0.1643    0.4329    0.5000
 50 "Misno"                                  0.1558    0.4560    0.5000
 51 "Mohamed Ihsan"                          0.1508    0.4426    0.5000
 52 "Mohamed Rais"                           0.1639    0.4474    0.5000
 53 "Mohamed Saifuddin (alias Faiz)"         0.1771    0.4411    0.5000
 54 "Muchtar"                                0.1798    0.4731    0.5000
 55 "Munfiatun"                              0.1793    0.4476    0.5000
 56 "Mus&#39;ab Sahidi"                      0.1601    0.4382    0.5000
 57 "Muzayin Abdul Wahab"                    0.1823    0.4339    0.5000
 58 "Nasir Abas"                             0.8447    0.3450    0.5000
 59 "Noordin Mohammed Top"                   0.1734    0.4470    0.5000
 60 "Purnama Putra"                          0.1749    0.4412    0.5000
 61 "Qotadah"                                0.1732    0.4530    0.5000
 62 "Rosihin Noor"                           0.1915    0.4521    0.5000
 63 "Said Sungkar"                           0.1521    0.4501    0.5000
 64 "Salik Firdaus"                          0.1661    0.4573    0.5000
 65 "Salman"                                 0.6795    0.1500    0.5000
 66 "Saptono"                                0.1919    0.4507    0.5000
 67 "Sardona Siliwangi"                      0.1839    0.4460    0.5000
 68 "Son Hadi"                               0.1739    0.4453    0.5000
 69 "Subur Sugiarto"                         0.1837    0.4446    0.5000
 70 "Suramto"                                0.1840    0.4551    0.5000
 71 "Tohir"                                  0.1659    0.4469    0.5000
 72 "Toni Togar"                             0.1670    0.4514    0.5000
 73 "Ubeid"                                  0.1808    0.4458    0.5000
 74 "Umar"                                   0.1937    0.4451    0.5000
 75 "Umar Patek"                             0.1691    0.4399    0.5000
 76 "Umar Wayan "                            0.1744    0.4736    0.5000
 77 "Urwah"                                  0.1837    0.4488    0.5000
 78 "Usman bin Sef"                          0.1735    0.4439    0.5000
 79 "Zulkarnaen"                             0.1769    0.4614    0.5000
*Arcs
  1  16 1 
  3   6 1 
  3  13 1 
  3  31 1 
  3  59 1 
  4  13 1 
  4  14 1 
  4  16 1 
  4  21 1 
  4  28 1 
  4  29 1 
  4  35 1 
  4  53 1 
  4  57 1 
  4  59 1 
  4  60 1 
  4  75 1 
  5   6 1 
  5  11 1 
  5  13 1 
  5  15 1 
  5  17 1 
  5  59 1 
  5  63 1 
  6   3 1 
  6   5 1 
  7  23 1 
  7  59 1 
  7  61 1 
  7  70 1 
  7  79 1 
  8  10 1 
  8  11 1 
  8  25 1 
  8  55 1 
  8  59 1 
  8  60 1 
  8  68 1 
  8  70 1 
  8  73 1 
  8  77 1 
  9  16 1 
 10   8 1 
 10  11 1 
 10  55 1 
 10  59 1 
 10  68 1 
 10  78 1 
 11   5 1 
 11   8 1 
 11  10 1 
 11  33 1 
 11  38 1 
 11  55 1 
 11  59 1 
 11  61 1 
 11  68 1 
 11  78 1 
 12  23 1 
 12  30 1 
 12  38 1 
 12  45 1 
 12  59 1 
 13   3 1 
 13   4 1 
 13   5 1 
 13  23 1 
 13  24 1 
 13  29 1 
 13  31 1 
 13  39 1 
 13  45 1 
 13  46 1 
 13  47 1 
 13  48 1 
 13  53 1 
 13  56 1 
 13  59 1 
 13  60 1 
 13  73 1 
 13  75 1 
 13  78 1 
 14   4 1 
 15   5 1 
 16   1 1 
 16   4 1 
 16   9 1 
 16  28 1 
 16  29 1 
 16  53 1 
 16  59 1 
 16  78 1 
 17   5 1 
 17  50 1 
 17  59 1 
 17  64 1 
 18  59 1 
 18  69 1 
 19  24 1 
 19  37 1 
 20  54 1 
 20  76 1 
 20  79 1 
 21   4 1 
 21  60 1 
 22  23 1 
 22  44 1 
 22  52 1 
 22  59 1 
 22  67 1 
 22  71 1 
 23   7 1 
 23  12 1 
 23  13 1 
 23  22 1 
 23  25 1 
 23  26 1 
 23  32 1 
 23  33 1 
 23  37 1 
 23  38 1 
 23  39 1 
 23  44 1 
 23  45 1 
 23  46 1 
 23  52 1 
 23  59 1 
 23  61 1 
 23  68 1 
 23  71 1 
 23  72 1 
 23  75 1 
 23  78 1 
 24  13 1 
 24  19 1 
 24  37 1 
 24  45 1 
 24  46 1 
 24  59 1 
 25   8 1 
 25  23 1 
 25  46 1 
 25  59 1 
 25  68 1 
 26  23 1 
 26  59 1 
 26  61 1 
 27  34 1 
 27  59 1 
 27  75 1 
 28   4 1 
 28  16 1 
 28  29 1 
 28  34 1 
 28  49 1 
 28  75 1 
 29   4 1 
 29  13 1 
 29  16 1 
 29  28 1 
 29  59 1 
 29  60 1 
 30  12 1 
 31   3 1 
 31  13 1 
 31  46 1 
 32  23 1 
 32  45 1 
 32  59 1 
 32  62 1 
 33  11 1 
 33  23 1 
 33  40 1 
 33  44 1 
 33  46 1 
 33  59 1 
 33  72 1 
 34  27 1 
 34  28 1 
 34  42 1 
 34  47 1 
 34  60 1 
 34  78 1 
 35   4 1 
 37  19 1 
 37  23 1 
 37  24 1 
 37  43 1 
 37  45 1 
 37  59 1 
 38  11 1 
 38  12 1 
 38  23 1 
 38  61 1 
 38  78 1 
 39  13 1 
 39  23 1 
 39  46 1 
 39  59 1 
 39  63 1 
 40  33 1 
 42  34 1 
 42  60 1 
 43  37 1 
 43  45 1 
 44  22 1 
 44  23 1 
 44  33 1 
 44  52 1 
 44  59 1 
 44  71 1 
 45  12 1 
 45  13 1 
 45  23 1 
 45  24 1 
 45  32 1 
 45  37 1 
 45  43 1 
 45  46 1 
 45  59 1 
 45  62 1 
 45  64 1 
 45  66 1 
 45  70 1 
 45  73 1 
 45  77 1 
 46  13 1 
 46  23 1 
 46  24 1 
 46  25 1 
 46  31 1 
 46  33 1 
 46  39 1 
 46  45 1 
 46  59 1 
 46  64 1 
 47  13 1 
 47  34 1 
 47  48 1 
 47  59 1 
 47  60 1 
 48  13 1 
 48  47 1 
 48  59 1 
 49  28 1 
 49  75 1 
 50  17 1 
 50  64 1 
 51  52 1 
 52  22 1 
 52  23 1 
 52  44 1 
 52  51 1 
 52  59 1 
 52  71 1 
 52  72 1 
 53   4 1 
 53  13 1 
 53  16 1 
 53  59 1 
 53  60 1 
 54  20 1 
 55   8 1 
 55  10 1 
 55  11 1 
 55  59 1 
 56  13 1 
 57   4 1 
 59   3 1 
 59   4 1 
 59   5 1 
 59   7 1 
 59   8 1 
 59  10 1 
 59  11 1 
 59  12 1 
 59  13 1 
 59  16 1 
 59  17 1 
 59  18 1 
 59  22 1 
 59  23 1 
 59  24 1 
 59  25 1 
 59  26 1 
 59  27 1 
 59  29 1 
 59  32 1 
 59  33 1 
 59  37 1 
 59  39 1 
 59  44 1 
 59  45 1 
 59  46 1 
 59  47 1 
 59  48 1 
 59  52 1 
 59  53 1 
 59  55 1 
 59  60 1 
 59  61 1 
 59  67 1 
 59  68 1 
 59  69 1 
 59  71 1 
 59  72 1 
 59  73 1 
 59  77 1 
 59  78 1 
 60   4 1 
 60   8 1 
 60  13 1 
 60  21 1 
 60  29 1 
 60  34 1 
 60  42 1 
 60  47 1 
 60  53 1 
 60  59 1 
 60  73 1 
 61   7 1 
 61  11 1 
 61  23 1 
 61  26 1 
 61  38 1 
 61  59 1 
 61  78 1 
 62  32 1 
 62  45 1 
 63   5 1 
 63  39 1 
 64  17 1 
 64  45 1 
 64  46 1 
 64  50 1 
 66  45 1 
 66  77 1 
 67  22 1 
 67  59 1 
 68   8 1 
 68  10 1 
 68  11 1 
 68  23 1 
 68  25 1 
 68  59 1 
 68  75 1 
 68  78 1 
 69  18 1 
 69  59 1 
 70   7 1 
 70   8 1 
 70  45 1 
 70  73 1 
 70  74 1 
 70  77 1 
 71  22 1 
 71  23 1 
 71  44 1 
 71  52 1 
 71  59 1 
 72  23 1 
 72  33 1 
 72  52 1 
 72  59 1 
 73   8 1 
 73  13 1 
 73  45 1 
 73  59 1 
 73  60 1 
 73  70 1 
 73  74 1 
 73  77 1 
 74  70 1 
 74  73 1 
 75   4 1 
 75  13 1 
 75  23 1 
 75  27 1 
 75  28 1 
 75  49 1 
 75  68 1 
 76  20 1 
 77   8 1 
 77  45 1 
 77  59 1 
 77  66 1 
 77  70 1 
 77  73 1 
 78  10 1 
 78  11 1 
 78  13 1 
 78  16 1 
 78  23 1 
 78  34 1 
 78  38 1 
 78  59 1 
 78  61 1 
 78  68 1 
 79   7 1 
 79  20 1 
